456772
771429
242312
696589
242013
260598
490753
494424
656137
974770
381827
971283
919447
132479
505966
275327
228242
449475
968796
665425
858974
450127
391501
779078
421956
320393
573563
427355
780922
855317
872401
457680
762497
606253
339316
411416
814579
744201
705186
117219
226580
754336
538916
134490
32757
486448
875773
904626
631385
205000
538345
847777
129755
40512
892963
830936
639279
183389
1728
582648
528100
624118
830571
460477
801924
914216
145302
100168
695578
273494
479340
546274
573742
676370
214966
214020
173370
98266
302981
74432
174815
364982
496970
753852
669944
32352
975479
9987
711548
275047
39401
196613
803685
50998
470435
690025
304630
929106
379204
944536
628696
553220
202885
812597
371760
351519
755599
42927
534605
375644
83117
559116
976116
69136
464236
878427
410906
385876
433222
329764
603287
454825
10880
888447
990834
336336
344414
170012
127922
295897
990386
706657
693838
551627
664935
670310
99678
225802
61687
174105
641138
243939
927889
370894
203236
519260
476725
896808
799339
443533
167242
237405
842195
80682
469453
479629
634760
970803
278507
941185
706891
863762
134003
273005
850562
709054
121805
558278
614960
574529
215004
168068
386379
362423
456918
66819
395151
436529
19854
623339
890540
656574
282716
619516
10533
838767
245934
668583
993792
441159
484036
151950
877213
511689
474093
616376
243487
793379
346246
72774
